WORKING PATH: data/literature/authors2/__ncd/
FILE_COUNT:9, NCD_COUNT:9
#>>>
0  twain_innocents-abroad.txt
1  twain_roughing-it.txt
2  aquinas_summa-theologica-i.txt
3  aquinas_summa-theologica-iii.txt
4  thackeray_barry-lyndon.txt
5  twain_yankee-king-arthur.txt
6  thackeray_catherine.txt
7  thackeray_the-book-of-snobs.txt
8  aquinas_on-prayer-and-the-contemplative-life.txt
#>>>
   0                    1                    2                    3                    4                    5                    6                    7                    8                    
0  0                    0.904566             0.976204             0.972357             0.94355              0.938786             0.952046             0.94988              1.42994              
1  0.904566             0                    0.971265             0.968128             0.924813             0.919241             0.933684             0.933635             2.56562              
2  0.976204             0.971265             0                    0.934156             0.975997             0.97594              0.9787               0.979107             1.36189              
3  0.972357             0.968128             0.934156             0                    0.973137             0.973254             0.976628             0.97713              0.762888             
4  0.94355              0.924813             0.975997             0.973137             0                    0.912368             0.906122             0.906844             1.86522              
5  0.938786             0.919241             0.97594              0.973254             0.912368             0                    0.919127             0.919996             1.60729              
6  0.952046             0.933684             0.9787               0.976628             0.906122             0.919127             0                    0.887897             2.59142              
7  0.94988              0.933635             0.979107             0.97713              0.906844             0.919996             0.887897             0                    2.46868              
8  0.962692             0.947412             0.971142             0.968986             0.936338             0.934919             0.922305             0.923887             0                    