0            0.90457         0.962059        0.976207        0.978264        0.972359        0.94355         0.952596        1.16791         0.493542        0.980697        0.890633        0.00272152      2.19669         1.06349         0.841097
0.90457      0               0.9476          0.971267        0.963639        0.968131        0.924817        0.935202        0.908725        1.02037         0.172594        0.716345        -0.115035       2.04166         0.752941        0.501082
0.962059     0.9476          0               0.982818        0.970319        0.980804        0.937404        0.93423         3.51326         4.67127         3.94523         0.723824        0.547571        6.50838         4.15075         3.64526
0.976207     0.971267        0.982818        0               0.98818         0.934158        0.975999        0.979804        0.323592        0.382047        0.183999        0.0874192       -0.604658       0.926974        0.243312        0.10247
0.978264     0.963639        0.970319        0.98818         0               0.987565        0.970517        0.952233        3.94355         5.97649         6.36022         1.81719         0.657843        5.86118         5.2802          5.12827
0.972359     0.968131        0.980804        0.934158        0.987565        0               0.973139        0.97788         0.601315        0.660697        0.465285        0.375991        -0.342549       1.21664         0.156518        0.373782
0.94355      0.924817        0.937404        0.975999        0.970517        0.973139        0               0.906877        1.10736         1.25702         0.7677          0.809788        -0.0518132      2.65531         0.879687        0.0347234
0.952596     0.935202        0.93423         0.979804        0.952233        0.97788         0.906877        0               1.92519         2.73469         1.93629         1.11691         0.157321        5.21322         2.12092         1.57423
0.93879      0.919245        0.931288        0.975942        0.967906        0.973256        0.912373        0.921316        1.17922         1.33535         0.820579        0.833726        -0.0349615      2.80483         0.939882        0.58595
0.952049     0.933688        0.931054        0.978703        0.953128        0.97663         0.906128        0.880598        1.45401         1.98216         1.12749         0.927448        0.0236761       4.29244         1.35936         0.787856
0.977445     0.964554        0.966301        0.985555        0.939051        0.982714        0.959131        0.957079        3.7699          5.6943          5.99213         1.75122         0.612702        9.85228         5.00167         4.8171
0.974975     0.969899        0.982017        0.935453        0.987786        0.930386        0.974333        0.978813        1.68669         1.74725         1.55332         1.41637         0.383427        2.24653         1.60646         1.47187
0.979172     0.976642        0.986394        0.959393        0.99146         0.952463        0.980064        0.984301        0.246665        0.286501        0.153481        0.0855651       -0.837224       0.652508        0.19336         0.0987617
0.963789     0.948714        0.940942        0.980213        0.937423        0.979557        0.950349        0.917314        1.7822          2.50947         1.89172         1.06005         0.117583        6.93379         1.85891         1.33516
0.949887     0.933643        0.933757        0.979111        0.954423        0.977135        0.906855        0.881837        1.50757         2.04537         1.21566         0.942034        0.043907        4.28947         1.44364         0.880765
0.962696     0.947416        0.93909         0.971144        0.953644        0.968988        0.936343        0.92216         0.934925        0.922314        0.940802        0.96994         0.975929        0.91622         0.923904        0
